6263
6973
2995
1145
16108
7731
11738
4346
865
13883
13605
15492
13496
7208
17623
4510
14374
9733
11893
3962
5828
3431
8075
13408
7839
17992
8236
7944
4154
2058
8355
6554
11242
3620
4326
15563
15947
16868
11625
3335
17463
11210
10132
6064
9819
12877
7713
973
16034
16558
16357
17165
10208
18201
11387
17263
16617
6656
8404
11637
1557
16699
11008
18169
614
6505
13992
9649
16797
12450
15723
6346
11726
8609
9962
8148
6068
10297
3877
9423
12286
6495
15269
18259
13501
14199
9598
3988
14122
4309
14293
11377
4650
13830
7029
8748
17736
18128
11199
10246
2326
10120
4144
16240
1684
16499
1394
6670
14398
13986
2328
15071
7462
16870
16933
10216
14646
2540
7595
18106
10048
4422
14305
16175
2214
16844
8328
8920
3281
6942
14113
1265
8026
2748
3866
14814
11757
14040
7199
18288
5174
6733
3862
11055
2344
17040
5798
10676
12220
11332
1685
5072
5651
775
15338
16510
3059
17115
11237
1577
17883
13497
9203
1754
12876
13786
13882
17469
8947
10623
8868
2771
9216
5478
15744
12226
16297
5638
11591
17515
277
8229
16669
8175
16650
11390
6178
15242
9724
10683
2294
5090
4958
12631
1111
18079
14878
9699
17669
175
8595
8333
8829
5187
9439
8260
13211
6679
2100
18684
13953
5545
7986
10856
5979
7677
7026
18256
7803
8228
17888
16042
10108
11066
5846
4854
6753
14719
643
12221
13827
18171
12314
15370
11957
16279
2862
14762
18157
17690
271
10367
18532
5377
1545
9594
18275
16203
9800
7464
6741
13373
9964
16300
5721
7718
5171
16706
2053
2968
11084
15275
1528
9759
1664
3565
7495
16769
109
17471
18204
17899
15447
14324
10780
14571
14375
3449
4028
8210
15588
2035
13102
9669
18221
2378
17951
543
13858
10277
15664
7670
12186
2466
16594
7198
5678
11049
7214
7514
4572
4735
18534
18380
13732
2525
10411
13531
18433
16659
11766
144
7221
10242
16352
7995
16549
8869
3577
15898
10388
5848
4638
17800
13487
5471
7719
16603
11680
1241
16838
17013
4250
2030
4409
14742
2828
12615
6320
9151
1959
16812
9948
6452
4772
7309
16376
15129
17221
6981
15494
12939
15532
2031
10522
15195
16943
17374
3976
15928
7192
15931
11901
10658
14046
268
2800
1414
5007
11243
11733
8993
18444
17158
17399
5933
2390
9816
12305
15388
14089
9307
7848
2157
13274
296
18795
13898
3540
2386
998
9483
18800
3270
9951
11849
14244
8324
12531
17286
4151
1204
11558
12654
16477
7721
16287
13033
4801
14998
9657
3272
17851
6783
7375
8014
6097
3772
5111
15272
17949
6429
4205
9757
9019
18108
5627
9743
18343
14625
7657
13101
18211
583
13255
10494
16455
14790
5124
3887
9341
1579
16681
6186
9462
11145
13405
8666
17052
10441
9365
8401
14662
3798
16392
3650
11556
2587
3146
17516
3510
7682
7039
11311
5862
2641
4516
5383
6472
4767
9478
1827
2566
91
1109
5220
13630
14007
17096
11863
4751
10497
4074
4188
17778
17780
7748
3911
5816
5346
12235
10607
9258
13798
17418
2544
11131
3029
12575
802
14093
2352
16770
8615
11110
8723
4071
8621
10600
8238
16581
4979
2122
12224
6270
4191
9592
10901
17213
5040
9123
9728
9124
17671
9970
5437
1744
18025
12986
6006
190
14677
3417
9820
13706
15310
364
17187
13666
6874
15478
14024
18427
4217
12855
14303
13081
11487
6883
2182
15023
10614
1410
155
8628
2698
12829
10276
1866
11937
12012
9278
11365
18398
7265
2175
16851
3150
16545
18466
5452
12712
1493
9436
6265
3391
17710
5657
2124
7826
1097
2206
18604
3713
2721
7302
7483
5731
7102
10851
17359
1083
18361
8553
1473
17049
17837
2899
4089
767
